30
2.8082
1149.1
82.135
2551.8
148.39
448.85
0.0042985
5.3699
7.9179
1.2166
5.2849
4.9277
30
1.4588
1149.1
76.386
2553.4
148.31
449.52
6.3127e-05
3.662
8.3444
0.88206
5.0291
5.0802
30
1.1495
1149.1
64.855
2557.1
148.94
450.42
1.7184
6.5409
5.5479
0.82889
4.3924
4.6748
30
0.99532
1149.1
55.694
2559.2
149.53
451.31
2.4289
9.299
2.9674
0.76679
3.879
4.2935
30
0.88949
1149.1
49.306
2559.3
149.8
452.21
0.49094
10.415
1.7333
0.68828
3.5272
4.1256
6394
356.07
356.07
356.07
356.07
356.07
68.978
29.54
18.113
12.497
30
30
30
30
30
30
30
30
30
30
0.88949
0.88949
0.88949
0.88949
0.88949
0.88949
0.88949
0.88949
0.88949
0.88949
0.49094
0.49094
0.49094
0.49094
0.49094
0.49094
0.49094
0.49094
0.49094
0.49094
10.415
10.415
10.415
10.415
10.415
10.415
10.415
10.415
10.415
10.415
1.7333
1.7333
1.7333
1.7333
1.7333
1.7333
1.7333
1.7333
1.7333
1.7333
0.68828
0.68828
0.68828
0.68828
0.68828
0.68828
0.68828
0.68828
0.68828
0.68828
4.1256
4.1256
4.1256
4.1256
4.1256
4.1256
4.1256
4.1256
4.1256
4.1256
